1,1,1
2,2,2
3,3,3
4,4,4
5,5,5
6,6,2
7,7,6
8,8,4
9,9,7
10,10,8
11,11,4
12,12,2
13,13,3
14,14,4
15,15,9
16,16,3
17,17,3
18,18,8
19,19,4
20,20,3
21,21,2
22,22,4
23,23,2
24,24,8
25,25,3
26,26,4
27,27,4
28,28,4
29,29,9
30,30,10
31,31,1
32,32,3
33,33,2
34,34,4
35,35,4
36,36,2
37,37,3
38,38,10
39,39,3
40,40,2
41,41,3
42,42,2
43,43,4
44,44,11
45,45,4
46,46,3
47,47,11
48,48,2
49,49,8
50,50,4
51,51,8
52,52,4
53,53,1
54,54,8
55,55,8
56,56,3
57,57,2
58,58,4
59,59,8
60,60,4
61,61,4
62,62,2
63,63,12
64,64,4
65,65,3
66,66,3
67,67,2
68,68,4
69,69,4
70,70,8
71,71,4
72,72,5
73,73,2
74,74,2
75,75,4
76,76,4
77,77,3
78,78,4
79,79,2
80,80,3
81,81,13
82,82,2
83,83,6
84,84,14
85,85,7
86,86,2
87,87,9
88,88,2
89,89,6
90,90,15
91,91,3
92,92,4
93,93,3
94,94,8
95,95,2
96,96,3
97,97,16
98,98,8
99,99,4
100,100,2
101,101,1
102,102,2
103,103,4
104,104,7
105,105,3
106,106,3
107,107,8
108,108,3
109,109,3
110,110,16
111,111,4
112,112,8
113,113,13
114,114,4
115,115,4
116,116,4
117,117,17
118,118,8
119,119,2
120,120,2
121,121,2
122,122,4
123,123,4
124,124,3
125,125,2
126,126,2
127,127,2
128,128,2
129,129,13
130,130,3
131,131,3
132,132,2
133,133,3
134,134,15
135,135,4
136,136,3
137,137,3
138,138,14
139,139,16
140,140,6
141,141,4
142,142,3
143,143,8
144,144,9
145,145,5
146,146,4
147,147,6
148,148,3
149,149,8
150,150,17
151,151,8
152,152,2
153,153,2
154,154,4
155,155,3
156,156,2
157,157,16
158,158,4
159,159,18
160,160,9
161,161,8
162,162,8
163,163,4
164,164,1
165,165,4
166,166,18
167,167,19
168,168,3
169,169,2
170,170,3
171,171,4
172,172,14
173,173,2
174,174,5
175,175,20
176,176,2
177,177,2
178,178,8
179,179,4
180,180,2
181,181,4
182,182,8
183,183,15
184,184,4
185,185,11
186,186,7
187,187,2
188,188,5
189,189,2
190,190,2
191,191,18
192,192,2
193,193,4
194,194,7
195,195,18
196,196,8
197,197,2
198,198,11
199,199,2
200,200,4
201,201,16
202,202,4
203,203,4
204,204,4
205,205,3
206,206,21
207,207,8
208,208,5
209,209,6
210,210,3
211,211,4
212,212,8
213,213,8
214,214,15
215,215,3
216,216,3
217,217,3
218,218,4
219,219,2
220,220,3
221,221,4
222,222,4
223,223,22
224,224,8
225,225,8
226,226,8
227,227,3
228,228,4
229,229,8
230,230,3
231,231,11
232,232,2
233,233,21
234,234,23
235,235,7
236,236,4
237,237,13
238,238,8
239,239,2
240,240,4
241,241,2
242,242,4
243,243,20
244,244,2
245,245,11
246,246,22
247,247,4
248,248,4
249,249,7
250,250,2
251,251,4
252,252,3
253,253,3
254,254,7
255,255,2
256,256,2
257,257,3
258,258,8
259,259,4
260,260,8
261,261,4
262,262,4
263,263,5
264,264,4
265,265,5
266,266,4
267,267,4
268,268,3
269,269,3
270,270,4
271,271,2
272,272,23
273,273,4
274,274,2
275,275,16
276,276,4
277,277,2
278,278,3
279,279,4
280,280,4
281,281,19
282,282,4
283,283,4
284,284,12
285,285,4
286,286,4
287,287,2
288,288,2
289,289,2
290,290,2
291,291,4
292,292,8
293,293,3
294,294,5
295,295,2
296,296,4
297,297,2
298,298,9
299,299,4
300,300,3
301,301,4
302,302,4
303,303,4
304,304,2
305,305,2
306,306,4
307,307,6
308,308,2
309,309,3
310,310,4
311,311,4
312,312,2
313,313,8
314,314,3
315,315,6
316,316,5
317,317,4
318,318,2
319,319,4
320,320,4
321,321,3
322,322,2
323,323,4
324,324,3
325,325,4
326,326,4
327,327,4
328,328,2
329,329,4
330,330,3
331,331,4
332,332,4
333,333,2
334,334,4
335,335,1
336,336,24
337,337,1
338,338,18
339,339,24
340,340,1
341,341,24
342,342,24
343,343,24
344,344,25
345,345,26
346,346,24
347,347,26
348,348,27
349,349,24
350,350,18
351,351,24
352,352,1
353,353,25
354,354,24
355,355,25
356,356,24
357,357,27
358,358,25
359,359,25
360,360,24
361,361,24
362,362,24
363,363,28
364,364,24
365,365,24
366,366,25
367,367,25
368,368,24
369,369,28
370,370,1
371,371,24
372,372,24
373,373,24
374,374,24
375,375,25
376,376,25
377,377,25
378,378,1
379,379,18
380,380,24
381,381,24
382,382,24
383,383,24
384,384,24
385,385,18
386,386,24
387,387,24
388,388,24
389,389,26
390,390,24
391,391,25
392,392,24
393,393,25
394,394,24
395,395,24
396,396,26
397,397,29
398,398,24
399,399,24
400,400,24
401,401,24
402,402,24
403,403,1
404,404,25
405,405,1
406,406,25
407,407,24
408,408,26
409,409,24
410,410,25
411,411,24
412,412,24
413,413,1
414,414,1
415,415,1
416,416,24
417,417,24
418,418,24
419,419,25
420,420,25
421,421,25
422,422,24
423,423,24
424,424,25
425,425,24
426,426,1
427,427,18
428,428,25
429,429,29
430,430,1
431,431,24
432,432,24
433,433,24
434,434,24
435,435,24
436,436,25
437,437,24
438,438,29
439,439,18
440,440,25
441,441,24
442,442,25
443,443,24
444,444,25
445,445,24
446,446,24
447,447,24
448,448,24
449,449,1
450,450,24
451,451,24
452,452,24
453,453,29
454,454,25
455,455,24
456,456,1
457,457,24
458,458,24
459,459,26
460,460,25
461,461,18
462,462,25
463,463,25
464,464,1
465,465,1
466,466,26
467,467,1
468,468,1
469,469,1
470,470,25
471,471,25
472,472,24
473,473,24
474,474,24
475,475,25
476,476,25
477,477,24
478,478,24
479,479,24
480,480,24
481,481,1
482,482,24
483,483,29
484,484,24
485,485,24
486,486,18
487,487,25
488,488,1
489,489,1
490,490,25
491,491,24
492,492,24
493,493,24
494,494,25
495,495,24
496,496,24
497,497,24
498,498,24
499,499,24
500,500,24
501,501,25
502,502,24
503,503,25
504,504,24
505,505,24
506,506,24
507,507,25
508,508,24
509,509,24
510,510,24
511,511,1
512,512,24
513,513,1
514,514,24
515,515,26
516,516,25
517,517,24
518,518,24
519,519,24
520,520,24
521,521,24
522,522,24
523,523,24
524,524,25
525,525,24
526,526,25
527,527,24
528,528,1
529,529,24
530,530,24
531,531,25
532,532,24
533,533,25
534,534,25
535,535,25
536,536,1
537,537,24
538,538,25
539,539,24
540,540,24
541,541,24
542,542,24
543,543,1
544,544,25
545,545,24
546,546,1
547,547,25
548,548,18
549,549,24
550,550,1
551,551,30
552,552,25
553,553,25
554,554,24
555,555,24
556,556,24
557,557,31
558,558,26
559,559,31
560,560,32
561,561,32
562,562,32
563,563,31
564,564,24
565,565,33
566,566,32
567,567,32
568,568,26
569,569,34
570,570,25
571,571,24
572,572,24
573,573,24
574,574,1
575,575,26
576,576,24
577,577,25
578,578,32
579,579,25
580,580,24
581,581,26
582,582,32
583,583,32
584,584,24
585,585,31
586,586,24
587,587,26
588,588,24
589,589,24
590,590,30
591,591,31
592,592,31
593,593,24
594,594,32
595,595,24
596,596,31
597,597,26
598,598,26
599,599,31
600,600,24
601,601,31
602,602,24
603,603,26
604,604,26
605,605,32
606,606,32
607,607,24
608,608,24
609,609,26
610,610,32
611,611,24
612,612,25
613,613,32
614,614,24
615,615,1
616,616,26
617,617,32
618,618,24
619,619,33
620,620,32
621,621,26
622,622,24
623,623,34
624,624,32
625,625,31
626,626,1
627,627,32
628,628,25
629,629,24
630,630,31
631,631,26
632,632,25
633,633,24
634,634,26
635,635,32
636,636,32
637,637,26
638,638,32
639,639,32
640,640,26
641,641,31
642,642,32
643,643,26
644,644,25
645,645,24
646,646,32
647,647,1
648,648,24
649,649,24
650,650,32
651,651,24
652,652,31
653,653,24
654,654,26
655,655,31
656,656,32
657,657,26
658,658,24
659,659,31
660,660,24
661,661,35
662,662,35
663,663,35
664,664,36
665,665,35
666,666,35
667,667,36
668,668,37
669,669,35
670,670,35
671,671,35
672,672,36
673,673,37
674,674,36
675,675,35
676,676,35
677,677,35
678,678,35
679,679,35
680,680,36
681,681,35
682,682,35
683,683,36
684,684,35
685,685,36
686,686,36
687,687,35
688,688,35
689,689,35
690,690,38
691,691,35
692,692,35
693,693,35
694,694,36
695,695,35
696,696,35
697,697,35
698,698,35
699,699,35
700,700,37
701,701,35
702,702,35
703,703,35
704,704,35
705,705,35
706,706,35
707,707,36
708,708,35
709,709,36
710,710,35
711,711,35
712,712,35
713,713,35
714,714,35
715,715,36
716,716,36
717,717,39
718,718,35
719,719,36
720,720,35
721,721,35
722,722,35
723,723,35
724,724,37
725,725,35
726,726,35
727,727,36
728,728,35
729,729,36
730,730,35
731,731,35
732,732,35
733,733,35
734,734,35
735,735,35
736,736,35
737,737,35
738,738,35
739,739,35
740,740,35
741,741,35
742,742,35
743,743,35
744,744,35
745,745,35
746,746,35
747,747,35
748,748,35
749,749,40
750,750,35
751,751,36
752,752,35
753,753,36
754,754,35
755,755,35
756,756,35
757,757,41
758,758,37
759,759,35
760,760,35
761,761,35
762,762,35
763,763,42
764,764,35
765,765,35
766,766,35
767,767,35
768,768,35
769,769,35
770,770,35
771,771,38
772,772,35
773,773,35
774,774,35
775,775,36
776,776,35
777,777,35
778,778,35
779,779,35
780,780,35
781,781,35
782,782,37
783,783,35
784,784,35
785,785,36
786,786,35
787,787,35
788,788,36
789,789,35
790,790,35
791,791,35
792,792,35
793,793,36
794,794,35
795,795,35
796,796,35
797,797,35
798,798,35
799,799,35
800,800,35
801,801,35
802,802,35
803,803,35
804,804,42
805,805,36
806,806,35
807,807,35
808,808,36
809,809,35
810,810,35
811,811,35
812,812,35
813,813,35
814,814,37
815,815,35
816,816,35
817,817,35
818,818,37
819,819,36
820,820,39
821,821,35
822,822,36
823,823,35
824,824,38
825,825,35
826,826,41
827,827,38
828,828,35
829,829,43
830,830,44
831,831,40
832,832,35
833,833,43
834,834,35
835,835,45
836,836,43
837,837,44
838,838,40
839,839,43
840,840,35
841,841,44
842,842,44
843,843,40
844,844,40
845,845,40
846,846,35
847,847,40
848,848,35
849,849,44
850,850,35
851,851,44
852,852,35
853,853,45
854,854,40
855,855,35
856,856,40
857,857,35
858,858,35
859,859,35
860,860,35
861,861,44
862,862,44
863,863,46
864,864,1
865,865,46
866,866,1
867,867,1
868,868,24
869,869,1
870,870,24
871,871,47
872,872,25
873,873,1
874,874,24
875,875,1
876,876,48
877,877,49
878,878,25
879,879,24
880,880,24
881,881,46
882,882,1
883,883,46
884,884,1
885,885,50
886,886,1
887,887,43
888,888,24
889,889,25
890,890,1
891,891,1
892,892,1
893,893,51
894,894,51
895,895,24
896,896,24
897,897,1
898,898,24
899,899,1
900,900,24
901,901,1
902,902,25
903,903,24
904,904,1
905,905,1
906,906,46
907,907,46
908,908,25
909,909,25
910,910,46
911,911,43
912,912,1
913,913,24
914,914,25
915,915,1
916,916,51
917,917,1
918,918,1
919,919,46
920,920,48
921,921,24
922,922,46
923,923,24
924,924,1
925,925,1
926,926,1
927,927,24
928,928,24
929,929,1
930,930,25
931,931,1
932,932,1
933,933,24
934,934,46
935,935,51
936,936,46
937,937,1
938,938,52
939,939,1
940,940,1
941,941,24
942,942,25
943,943,1
944,944,24
945,945,1
946,946,46
947,947,1
948,948,1
949,949,1
950,950,25
951,951,1
952,952,24
953,953,46
954,954,46
955,955,52
956,956,43
957,957,24
958,958,1
959,959,24
960,960,1
961,961,50
962,962,1
963,963,1
964,964,1
965,965,25
966,966,1
967,967,53
968,968,1
969,969,1
970,970,54
971,971,1
972,972,46
973,973,55
974,974,46
975,975,1
976,976,25
977,977,24
978,978,1
979,979,46
980,980,46
981,981,24
982,982,1
983,983,46
984,984,46
985,985,46
986,986,46
987,987,1
988,988,55
989,989,1
990,990,1
991,991,1
992,992,56
993,993,1
994,994,1
995,995,48
996,996,51
997,997,57
998,998,1
999,999,43
1000,1000,1
1001,1001,46
1002,1002,1
1003,1003,1
1004,1004,1
1005,1005,1
1006,1006,25
1007,1007,25
1008,1008,48
1009,1009,46
1010,1010,48
1011,1011,58
1012,1012,1
1013,1013,1
1014,1014,1
1015,1015,59
1016,1016,25
1017,1017,1
1018,1018,1
1019,1019,1
1020,1020,51
1021,1021,1
1022,1022,24
1023,1023,1
1024,1024,1
1025,1025,46
1026,1026,1
1027,1027,1
1028,1028,1
1029,1029,25
1030,1030,60
1031,1031,1
1032,1032,46
1033,1033,1
1034,1034,1
1035,1035,60
1036,1036,61
1037,1037,25
1038,1038,55
1039,1039,1
1040,1040,1
1041,1041,1
1042,1042,51
1043,1043,1
1044,1044,1
1045,1045,1
1046,1046,46
1047,1047,1
1048,1048,1
1049,1049,1
1050,1050,43
1051,1051,1
1052,1052,51
1053,1053,51
1054,1054,54
1055,1055,1
1056,1056,1
1057,1057,1
1058,1058,1
1059,1059,25
1060,1060,25
1061,1061,24
1062,1062,1
1063,1063,57
1064,1064,46
1065,1065,1
1066,1066,57
1067,1067,24
1068,1068,46
1069,1069,53
1070,1070,25
1071,1071,1
1072,1072,46
1073,1073,1
1074,1074,1
1075,1075,48
1076,1076,1
1077,1077,24
1078,1078,24
1079,1079,46
1080,1080,1
1081,1081,1
1082,1082,24
1083,1083,46
1084,1084,25
1085,1085,24
1086,1086,1
1087,1087,1
1088,1088,1
1089,1089,1
1090,1090,1
1091,1091,1
1092,1092,46
1093,1093,1
1094,1094,1
1095,1095,1
1096,1096,1
1097,1097,25
1098,1098,1
1099,1099,1
1100,1100,24
1101,1101,24
1102,1102,1
1103,1103,51
1104,1104,1
1105,1105,24
1106,1106,46
1107,1107,1
1108,1108,1
1109,1109,1
1110,1110,46
1111,1111,1
1112,1112,52
1113,1113,1
1114,1114,1
1115,1115,1
1116,1116,25
1117,1117,1
1118,1118,1
1119,1119,1
1120,1120,1
1121,1121,1
1122,1122,1
1123,1123,1
1124,1124,24
1125,1125,1
1126,1126,1
1127,1127,1
1128,1128,1
1129,1129,1
1130,1130,1
1131,1131,25
1132,1132,1
1133,1133,43
1134,1134,1
1135,1135,1
1136,1136,51
1137,1137,1
1138,1138,1
1139,1139,24
1140,1140,51
1141,1141,1
1142,1142,1
1143,1143,1
1144,1144,1
1145,1145,1
1146,1146,1
1147,1147,1
1148,1148,24
1149,1149,51
1150,1150,1
1151,1151,25
1152,1152,1
1153,1153,1
1154,1154,46
1155,1155,24
1156,1156,58
1157,1157,1
1158,1158,1
1159,1159,48
1160,1160,1
1161,1161,1
1162,1162,24
1163,1163,1
1164,1164,51
1165,1165,62
1166,1166,1
1167,1167,1
1168,1168,1
1169,1169,53
1170,1170,1
1171,1171,24
1172,1172,1
1173,1173,63
1174,1174,25
1175,1175,1
1176,1176,24
1177,1177,24
1178,1178,1
1179,1179,24
1180,1180,1
1181,1181,1
1182,1182,1
1183,1183,1
1184,1184,25
1185,1185,47
1186,1186,1
1187,1187,25
1188,1188,46
1189,1189,25
1190,1190,46
1191,1191,1
1192,1192,46
1193,1193,24
1194,1194,25
1195,1195,24
1196,1196,1
1197,1197,25
1198,1198,1
1199,1199,1
1200,1200,1
1201,1201,62
1202,1202,25
1203,1203,1
1204,1204,1
1205,1205,1
1206,1206,46
1207,1207,1
1208,1208,1
1209,1209,25
1210,1210,25
1211,1211,1
1212,1212,1
1213,1213,48
1214,1214,61
1215,1215,1
1216,1216,1
1217,1217,1
1218,1218,46
1219,1219,25
1220,1220,25
1221,1221,1
1222,1222,46
1223,1223,1
1224,1224,1
1225,1225,25
1226,1226,1
1227,1227,64
1228,1228,1
1229,1229,24
1230,1230,1
1231,1231,1
1232,1232,1
1233,1233,1
1234,1234,24
1235,1235,1
1236,1236,1
1237,1237,1
1238,1238,46
1239,1239,1
1240,1240,1
1241,1241,1
1242,1242,46
1243,1243,46
1244,1244,1
1245,1245,46
1246,1246,1
1247,1247,46
1248,1248,1
1249,1249,1
1250,1250,1
1251,1251,1
1252,1252,1
1253,1253,46
1254,1254,1
1255,1255,24
1256,1256,1
1257,1257,60
1258,1258,1
1259,1259,46
1260,1260,1
1261,1261,1
1262,1262,1
1263,1263,1
1264,1264,46
1265,1265,1
1266,1266,1
1267,1267,25
1268,1268,51
1269,1269,25
1270,1270,46
1271,1271,1
1272,1272,25
1273,1273,1
1274,1274,24
1275,1275,24
1276,1276,46
1277,1277,1
1278,1278,43
1279,1279,24
1280,1280,24
1281,1281,24
1282,1282,1
1283,1283,46
1284,1284,1
1285,1285,46
1286,1286,1
1287,1287,51
1288,1288,51
1289,1289,59
1290,1290,1
1291,1291,1
1292,1292,1
1293,1293,24
1294,1294,24
1295,1295,1
1296,1296,1
1297,1297,1
1298,1298,51
1299,1299,25
1300,1300,1
1301,1301,1
1302,1302,1
1303,1303,63
1304,1304,24
1305,1305,1
1306,1306,1
1307,1307,1
1308,1308,1
1309,1309,25
1310,1310,24
1311,1311,1
1312,1312,1
1313,1313,1
1314,1314,62
1315,1315,25
1316,1316,1
1317,1317,25
1318,1318,24
1319,1319,24
1320,1320,1
1321,1321,1
1322,1322,1
1323,1323,25
1324,1324,24
1325,1325,24
1326,1326,1
1327,1327,1
1328,1328,1
1329,1329,48
1330,1330,1
1331,1331,1
1332,1332,24
1333,1333,24
1334,1334,46
1335,1335,24
1336,1336,1
1337,1337,1
1338,1338,1
1339,1339,24
1340,1340,46
1341,1341,1
1342,1342,1
1343,1343,46
1344,1344,1
1345,1345,48
1346,1346,24
1347,1347,1
1348,1348,1
1349,1349,1
1350,1350,1
1351,1351,1
1352,1352,46
1353,1353,1
1354,1354,62
1355,1355,1
1356,1356,46
1357,1357,1
1358,1358,1
1359,1359,1
1360,1360,24
1361,1361,1
1362,1362,1
1363,1363,24
1364,1364,46
1365,1365,65
1366,1366,46
1367,1367,1
1368,1368,1
1369,1369,1
1370,1370,51
1371,1371,1
1372,1372,1
1373,1373,46
1374,1374,46
1375,1375,25
1376,1376,1
1377,1377,46
1378,1378,1
1379,1379,43
1380,1380,1
1381,1381,1
1382,1382,1
1383,1383,46
1384,1384,24
1385,1385,1
1386,1386,46
1387,1387,24
1388,1388,25
1389,1389,24
1390,1390,66
1391,1391,1
1392,1392,1
1393,1393,51
1394,1394,64
1395,1395,1
1396,1396,1
1397,1397,1
1398,1398,46
1399,1399,1
1400,1400,1
1401,1401,48
1402,1402,1
1403,1403,25
1404,1404,1
1405,1405,51
1406,1406,24
1407,1407,1
1408,1408,1
1409,1409,1
1410,1410,1
1411,1411,24
1412,1412,24
1413,1413,1
1414,1414,46
1415,1415,1
1416,1416,1
1417,1417,1
1418,1418,1
1419,1419,1
1420,1420,1
1421,1421,24
1422,1422,1
1423,1423,1
1424,1424,24
1425,1425,67
1426,1426,1
1427,1427,24
1428,1428,25
1429,1429,1
1430,1430,1
1431,1431,1
1432,1432,1
1433,1433,25
1434,1434,46
1435,1435,1
1436,1436,50
1437,1437,1
1438,1438,46
1439,1439,1
1440,1440,25
1441,1441,25
1442,1442,1
1443,1443,1
1444,1444,1
1445,1445,1
1446,1446,1
1447,1447,1
1448,1448,46
1449,1449,24
1450,1450,1
1451,1451,58
1452,1452,24
1453,1453,1
1454,1454,24
1455,1455,25
1456,1456,24
1457,1457,1
1458,1458,24
1459,1459,1
1460,1460,1
1461,1461,46
1462,1462,1
1463,1463,1
1464,1464,51
1465,1465,1
1466,1466,25
1467,1467,46
1468,1468,1
1469,1469,1
1470,1470,1
1471,1471,24
1472,1472,1
1473,1473,66
1474,1474,46
1475,1475,1
1476,1476,1
1477,1477,1
1478,1478,1
1479,1479,1
1480,1480,52
1481,1481,1
1482,1482,1
1483,1483,1
1484,1484,1
1485,1485,24
1486,1486,1
1487,1487,1
1488,1488,24
1489,1489,1
1490,1490,1
1491,1491,1
1492,1492,24
1493,1493,43
1494,1494,1
1495,1495,25
1496,1496,1
1497,1497,1
1498,1498,1
1499,1499,1
1500,1500,25
1501,1501,1
1502,1502,1
1503,1503,48
1504,1504,24
1505,1505,24
1506,1506,1
1507,1507,24
1508,1508,1
1509,1509,1
1510,1510,1
1511,1511,24
1512,1512,1
1513,1513,1
1514,1514,51
1515,1515,1
1516,1516,1
1517,1517,50
1518,1518,1
1519,1519,1
1520,1520,24
1521,1521,1
1522,1522,64
1523,1523,24
1524,1524,24
1525,1525,51
1526,1526,24
1527,1527,1
1528,1528,1
1529,1529,1
1530,1530,1
1531,1531,46
1532,1532,1
1533,1533,1
1534,1534,46
1535,1535,67
1536,1536,1
1537,1537,1
1538,1538,1
1539,1539,46
1540,1540,46
1541,1541,1
1542,1542,50
1543,1543,58
1544,1544,1
1545,1545,1
1546,1546,1
1547,1547,1
1548,1548,1
1549,1549,46
1550,1550,51
1551,1551,1
1552,1552,46
1553,1553,1
1554,1554,1
1555,1555,1
1556,1556,24
1557,1557,1
1558,1558,24
1559,1559,24
1560,1560,1
1561,1561,1
1562,1562,1
1563,1563,24
1564,1564,24
1565,1565,1
1566,1566,1
1567,1567,1
1568,1568,1
1569,1569,1
1570,1570,1
1571,1571,1
1572,1572,51
1573,1573,24
1574,1574,1
1575,1575,1
1576,1576,1
1577,1577,1
1578,1578,1
1579,1579,1
1580,1580,1
1581,1581,1
1582,1582,24
1583,1583,1
1584,1584,56
1585,1585,1
1586,1586,24
1587,1587,1
1588,1588,24
1589,1589,1
1590,1590,1
1591,1591,1
1592,1592,46
1593,1593,46
1594,1594,1
1595,1595,46
1596,1596,1
1597,1597,25
1598,1598,51
1599,1599,1
1600,1600,1
1601,1601,1
1602,1602,24
1603,1603,1
1604,1604,46
1605,1605,24
1606,1606,24
1607,1607,1
1608,1608,1
1609,1609,1
1610,1610,1
1611,1611,1
1612,1612,46
1613,1613,51
1614,1614,49
1615,1615,1
1616,1616,1
1617,1617,66
1618,1618,46
1619,1619,1
1620,1620,1
1621,1621,24
1622,1622,1
1623,1623,51
1624,1624,1
1625,1625,1
1626,1626,1
1627,1627,1
1628,1628,24
1629,1629,25
1630,1630,24
1631,1631,1
1632,1632,1
1633,1633,51
1634,1634,24
1635,1635,1
1636,1636,24
1637,1637,1
1638,1638,25
1639,1639,1
1640,1640,1
1641,1641,43
1642,1642,1
1643,1643,1
1644,1644,51
1645,1645,1
1646,1646,1
1647,1647,25
1648,1648,46
1649,1649,24
1650,1650,68
1651,1651,1
1652,1652,24
1653,1653,24
1654,1654,1
1655,1655,51
1656,1656,1
1657,1657,1
1658,1658,43
1659,1659,52
1660,1660,25
1661,1661,46
1662,1662,51
1663,1663,46
1664,1664,1
1665,1665,55
1666,1666,25
1667,1667,1
1668,1668,1
1669,1669,1
1670,1670,1
1671,1671,1
1672,1672,46
1673,1673,1
1674,1674,1
1675,1675,1
1676,1676,1
1677,1677,46
1678,1678,1
1679,1679,1
1680,1680,1
1681,1681,1
1682,1682,25
1683,1683,65
1684,1684,1
1685,1685,46
1686,1686,1
1687,1687,1
1688,1688,24
1689,1689,46
1690,1690,24
1691,1691,1
1692,1692,1
1693,1693,1
1694,1694,1
1695,1695,1
1696,1696,60
1697,1697,24
1698,1698,1
1699,1699,46
1700,1700,24
1701,1701,24
1702,1702,25
1703,1703,1
1704,1704,24
1705,1705,25
1706,1706,25
1707,1707,1
1708,1708,46
1709,1709,1
1710,1710,1
1711,1711,1
1712,1712,1
1713,1713,25
1714,1714,1
1715,1715,24
1716,1716,25
1717,1717,68
1718,1718,1
1719,1719,1
1720,1720,24
1721,1721,46
1722,1722,1
1723,1723,24
1724,1724,24
1725,1725,1
1726,1726,1
1727,1727,1
1728,1728,1
1729,1729,1
1730,1730,1
1731,1731,51
1732,1732,1
1733,1733,49
1734,1734,1
1735,1735,24
1736,1736,64
1737,1737,1
1738,1738,1
1739,1739,1
1740,1740,1
1741,1741,24
1742,1742,1
1743,1743,46
1744,1744,24
1745,1745,48
1746,1746,1
1747,1747,24
1748,1748,1
1749,1749,50
1750,1750,1
1751,1751,24
1752,1752,1
1753,1753,1
1754,1754,69
1755,1755,24
1756,1756,1
1757,1757,1
1758,1758,66
1759,1759,24
1760,1760,51
1761,1761,1
1762,1762,43
1763,1763,51
1764,1764,24
1765,1765,49
1766,1766,1
1767,1767,1
1768,1768,1
1769,1769,46
1770,1770,1
1771,1771,24
1772,1772,25
1773,1773,1
1774,1774,1
1775,1775,1
1776,1776,1
1777,1777,46
1778,1778,1
1779,1779,64
1780,1780,1
1781,1781,46
1782,1782,1
1783,1783,1
1784,1784,1
1785,1785,25
1786,1786,1
1787,1787,46
1788,1788,25
1789,1789,1
1790,1790,1
1791,1791,1
1792,1792,1
1793,1793,24
1794,1794,43
1795,1795,1
1796,1796,25
1797,1797,1
1798,1798,1
1799,1799,1
1800,1800,1
1801,1801,1
1802,1802,1
1803,1803,1
1804,1804,46
1805,1805,1
1806,1806,24
1807,1807,1
1808,1808,1
1809,1809,1
1810,1810,69
1811,1811,25
1812,1812,1
1813,1813,1
1814,1814,43
1815,1815,46
1816,1816,50
1817,1817,1
1818,1818,46
1819,1819,1
1820,1820,1
1821,1821,51
1822,1822,51
1823,1823,1
1824,1824,1
1825,1825,25
1826,1826,24
1827,1827,46
1828,1828,46
1829,1829,46
1830,1830,1
1831,1831,46
1832,1832,1
1833,1833,1
1834,1834,66
1835,1835,1
1836,1836,24
1837,1837,1
1838,1838,24
1839,1839,43
1840,1840,1
1841,1841,1
1842,1842,1
1843,1843,1
1844,1844,1
1845,1845,24
1846,1846,53
1847,1847,1
1848,1848,24
1849,1849,1
1850,1850,1
1851,1851,24
1852,1852,24
1853,1853,1
1854,1854,1
1855,1855,46
1856,1856,1
1857,1857,24
1858,1858,1
1859,1859,46
1860,1860,60
1861,1861,48
1862,1862,60
1863,1863,57
1864,1864,43
1865,1865,1
1866,1866,24
1867,1867,51
1868,1868,67
1869,1869,13
1870,1870,70
1871,1871,67
1872,1872,71
1873,1873,71
1874,1874,13
1875,1875,67
1876,1876,13
1877,1877,70
1878,1878,67
1879,1879,72
1880,1880,71
1881,1881,67
1882,1882,13
1883,1883,67
1884,1884,71
1885,1885,67
1886,1886,67
1887,1887,67
1888,1888,67
1889,1889,73
1890,1890,67
1891,1891,67
1892,1892,74
1893,1893,71
1894,1894,67
1895,1895,67
1896,1896,67
1897,1897,71
1898,1898,71
1899,1899,67
1900,1900,67
1901,1901,71
1902,1902,67
1903,1903,67
1904,1904,67
1905,1905,13
1906,1906,13
1907,1907,67
1908,1908,71
1909,1909,67
1910,1910,67
1911,1911,75
1912,1912,13
1913,1913,13
1914,1914,67
1915,1915,67
1916,1916,75
1917,1917,71
1918,1918,71
1919,1919,67
1920,1920,73
1921,1921,71
1922,1922,25
1923,1923,13
1924,1924,67
1925,1925,67
1926,1926,71
1927,1927,67
1928,1928,13
1929,1929,67
1930,1930,67
1931,1931,67
1932,1932,67
1933,1933,67
1934,1934,71
1935,1935,13
1936,1936,67
1937,1937,71
1938,1938,71
1939,1939,71
1940,1940,71
1941,1941,71
1942,1942,67
1943,1943,76
1944,1944,71
1945,1945,77
1946,1946,13
1947,1947,67
1948,1948,71
1949,1949,67
1950,1950,67
1951,1951,78
1952,1952,71
1953,1953,67
1954,1954,13
1955,1955,13
1956,1956,13
1957,1957,67
1958,1958,67
1959,1959,13
1960,1960,71
1961,1961,67
1962,1962,67
1963,1963,67
1964,1964,13
1965,1965,67
1966,1966,67
1967,1967,13
1968,1968,13
1969,1969,13
1970,1970,74
1971,1971,13
1972,1972,78
1973,1973,13
1974,1974,71
1975,1975,71
1976,1976,71
1977,1977,67
1978,1978,67
1979,1979,13
1980,1980,13
1981,1981,67
1982,1982,13
1983,1983,67
1984,1984,73
1985,1985,71
1986,1986,67
1987,1987,79
1988,1988,71
1989,1989,80
1990,1990,67
1991,1991,67
1992,1992,71
1993,1993,67
1994,1994,67
1995,1995,71
1996,1996,78
1997,1997,67
1998,1998,71
1999,1999,71
2000,2000,71
2001,2001,71
2002,2002,67
2003,2003,67
2004,2004,67
2005,2005,67
2006,2006,70
2007,2007,67
2008,2008,1
2009,2009,67
2010,2010,71
2011,2011,71
2012,2012,67
2013,2013,71
2014,2014,71
2015,2015,71
2016,2016,13
2017,2017,1
2018,2018,71
2019,2019,71
2020,2020,67
2021,2021,79
2022,2022,71
2023,2023,67
2024,2024,71
2025,2025,67
2026,2026,79
2027,2027,67
2028,2028,71
2029,2029,71
2030,2030,67
2031,2031,72
2032,2032,71
2033,2033,71
2034,2034,67
2035,2035,67
2036,2036,67
2037,2037,71
2038,2038,71
2039,2039,67
2040,2040,71
2041,2041,67
2042,2042,71
2043,2043,67
2044,2044,71
2045,2045,13
2046,2046,71
2047,2047,71
2048,2048,75
2049,2049,71
2050,2050,67
2051,2051,67
2052,2052,71
2053,2053,67
2054,2054,70
2055,2055,67
2056,2056,79
2057,2057,71
2058,2058,71
2059,2059,67
2060,2060,78
2061,2061,67
2062,2062,71
2063,2063,71
2064,2064,67
2065,2065,67
2066,2066,71
2067,2067,70
2068,2068,67
2069,2069,71
2070,2070,13
2071,2071,67
2072,2072,71
2073,2073,73
2074,2074,13
2075,2075,71
2076,2076,71
2077,2077,71
2078,2078,71
2079,2079,67
2080,2080,13
2081,2081,67
2082,2082,67
2083,2083,70
2084,2084,73
2085,2085,71
2086,2086,67
2087,2087,81
2088,2088,67
2089,2089,79
2090,2090,71
2091,2091,79
2092,2092,67
2093,2093,71
2094,2094,71
2095,2095,67
2096,2096,71
2097,2097,13
2098,2098,67
2099,2099,67
2100,2100,13
2101,2101,71
2102,2102,67
2103,2103,67
2104,2104,71
2105,2105,67
2106,2106,67
2107,2107,79
2108,2108,71
2109,2109,67
2110,2110,80
2111,2111,13
2112,2112,67
2113,2113,13
2114,2114,13
2115,2115,67
2116,2116,13
2117,2117,67
2118,2118,71
2119,2119,71
2120,2120,67
2121,2121,75
2122,2122,78
2123,2123,67
2124,2124,82
2125,2125,67
2126,2126,71
2127,2127,67
2128,2128,67
2129,2129,67
2130,2130,67
2131,2131,67
2132,2132,78
2133,2133,71
2134,2134,79
2135,2135,73
2136,2136,79
2137,2137,67
2138,2138,71
2139,2139,67
2140,2140,67
2141,2141,67
2142,2142,71
2143,2143,67
2144,2144,71
2145,2145,67
2146,2146,13
2147,2147,67
2148,2148,67
2149,2149,79
2150,2150,13
2151,2151,67
2152,2152,1
2153,2153,71
2154,2154,71
2155,2155,67
2156,2156,67
2157,2157,80
2158,2158,67
2159,2159,71
2160,2160,82
2161,2161,67
2162,2162,67
2163,2163,71
2164,2164,67
2165,2165,71
2166,2166,71
2167,2167,67
2168,2168,81
2169,2169,71
2170,2170,73
2171,2171,71
2172,2172,67
2173,2173,71
2174,2174,67
2175,2175,67
2176,2176,81
2177,2177,1
2178,2178,67
2179,2179,67
2180,2180,77
2181,2181,73
2182,2182,71
2183,2183,67
2184,2184,67
2185,2185,67
2186,2186,71
2187,2187,71
2188,2188,67
2189,2189,67
2190,2190,71
2191,2191,13
2192,2192,67
2193,2193,71
2194,2194,67
2195,2195,67
2196,2196,67
2197,2197,71
2198,2198,75
2199,2199,67
2200,2200,67
2201,2201,67
2202,2202,67
2203,2203,67
2204,2204,73
2205,2205,67
2206,2206,71
2207,2207,67
2208,2208,76
2209,2209,67
2210,2210,71
2211,2211,71
2212,2212,67
2213,2213,13
2214,2214,71
2215,2215,71
2216,2216,70
2217,2217,67
2218,2218,67
2219,2219,71
2220,2220,81
2221,2221,67
2222,2222,67
2223,2223,71
2224,2224,67
2225,2225,67
2226,2226,1
2227,2227,71
2228,2228,71
2229,2229,67
2230,2230,71
2231,2231,67
2232,2232,67
2233,2233,75
2234,2234,67
2235,2235,67
2236,2236,13
2237,2237,79
2238,2238,67
2239,2239,71
2240,2240,67
2241,2241,67
2242,2242,71
2243,2243,67
2244,2244,67
2245,2245,67
2246,2246,67
2247,2247,67
2248,2248,79
2249,2249,13
2250,2250,67
2251,2251,71
2252,2252,71
2253,2253,75
2254,2254,67
2255,2255,71
2256,2256,13
2257,2257,67
2258,2258,71
2259,2259,71
2260,2260,71
2261,2261,71
2262,2262,67
2263,2263,71
2264,2264,67
2265,2265,73
2266,2266,77
2267,2267,67
2268,2268,67
2269,2269,75
2270,2270,67
2271,2271,67
2272,2272,76
2273,2273,78
2274,2274,67
2275,2275,71
2276,2276,71
2277,2277,67
2278,2278,71
2279,2279,67
2280,2280,67
2281,2281,71
2282,2282,67
2283,2283,71
2284,2284,67
2285,2285,67
2286,2286,71
2287,2287,67
2288,2288,67
2289,2289,13
2290,2290,67
2291,2291,71
2292,2292,71
2293,2293,13
2294,2294,67
2295,2295,67
2296,2296,67
2297,2297,67
2298,2298,13
2299,2299,71
2300,2300,71
2301,2301,72
2302,2302,71
2303,2303,79
2304,2304,71
2305,2305,71
2306,2306,71
2307,2307,81
2308,2308,71
2309,2309,74
2310,2310,67
2311,2311,71
2312,2312,80
2313,2313,67
2314,2314,67
2315,2315,71
2316,2316,13
2317,2317,13
2318,2318,67
2319,2319,67
2320,2320,67
2321,2321,71
2322,2322,71
2323,2323,73
2324,2324,67
2325,2325,67
2326,2326,71
2327,2327,70
2328,2328,71
2329,2329,13
2330,2330,13
2331,2331,67
2332,2332,70
2333,2333,71
2334,2334,83
2335,2335,71
2336,2336,81
2337,2337,67
2338,2338,71
2339,2339,71
2340,2340,73
2341,2341,67
2342,2342,13
2343,2343,71
2344,2344,71
2345,2345,71
2346,2346,67
2347,2347,71
2348,2348,67
2349,2349,67
2350,2350,67
2351,2351,67
2352,2352,67
2353,2353,67
2354,2354,67
2355,2355,67
2356,2356,71
2357,2357,13
2358,2358,67
2359,2359,71
2360,2360,71
2361,2361,71
2362,2362,71
2363,2363,67
2364,2364,74
2365,2365,67
2366,2366,71
2367,2367,67
2368,2368,81
2369,2369,67
2370,2370,71
2371,2371,67
2372,2372,1
2373,2373,78
2374,2374,73
2375,2375,71
2376,2376,13
2377,2377,67
2378,2378,67
2379,2379,71
2380,2380,71
2381,2381,71
2382,2382,71
2383,2383,70
2384,2384,67
2385,2385,71
2386,2386,67
2387,2387,13
2388,2388,67
2389,2389,80
2390,2390,67
2391,2391,70
2392,2392,67
2393,2393,73
2394,2394,71
2395,2395,72
2396,2396,76
2397,2397,67
2398,2398,71
2399,2399,13
2400,2400,70
2401,2401,71
2402,2402,70
2403,2403,67
2404,2404,67
2405,2405,67
2406,2406,71
2407,2407,13
2408,2408,83
2409,2409,67
2410,2410,67
2411,2411,71
2412,2412,67
2413,2413,71
2414,2414,67
2415,2415,71
2416,2416,67
2417,2417,82
2418,2418,71
2419,2419,71
2420,2420,71
2421,2421,67
2422,2422,67
2423,2423,79
2424,2424,73
2425,2425,67
2426,2426,71
2427,2427,71
2428,2428,67
2429,2429,67
2430,2430,67
2431,2431,75
2432,2432,71
2433,2433,84
2434,2434,71
2435,2435,71
2436,2436,76
2437,2437,75
2438,2438,67
2439,2439,71
2440,2440,76
2441,2441,67
2442,2442,71
2443,2443,67
2444,2444,13
2445,2445,71
2446,2446,67
2447,2447,67
2448,2448,79
2449,2449,71
2450,2450,71
2451,2451,67
2452,2452,81
2453,2453,67
2454,2454,71
2455,2455,67
2456,2456,71
2457,2457,71
2458,2458,67
2459,2459,67
2460,2460,67
2461,2461,67
2462,2462,67
2463,2463,71
2464,2464,67
2465,2465,72
2466,2466,67
2467,2467,67
2468,2468,67
2469,2469,67
2470,2470,71
2471,2471,71
2472,2472,67
2473,2473,67
2474,2474,71
2475,2475,67
2476,2476,71
2477,2477,84
2478,2478,70
2479,2479,67
2480,2480,71
2481,2481,67
2482,2482,71
2483,2483,67
2484,2484,77
2485,2485,75
2486,2486,71
2487,2487,67
2488,2488,13
2489,2489,71
2490,2490,67
2491,2491,83
2492,2492,71
2493,2493,67
2494,2494,67
2495,2495,72
2496,2496,71
2497,2497,79
2498,2498,70
2499,2499,71
2500,2500,71
2501,2501,71
2502,2502,71
2503,2503,71
2504,2504,71
2505,2505,67
2506,2506,71
2507,2507,67
2508,2508,70
2509,2509,71
2510,2510,71
2511,2511,71
2512,2512,67
2513,2513,71
2514,2514,71
2515,2515,78
2516,2516,67
2517,2517,13
2518,2518,67
2519,2519,67
2520,2520,67
2521,2521,67
2522,2522,71
2523,2523,71
2524,2524,71
2525,2525,71
2526,2526,70
2527,2527,71
2528,2528,71
2529,2529,67
2530,2530,78
2531,2531,67
2532,2532,13
2533,2533,71
2534,2534,13
2535,2535,71
2536,2536,70
2537,2537,67
2538,2538,67
2539,2539,71
2540,2540,71
2541,2541,71
2542,2542,71
2543,2543,67
2544,2544,84
2545,2545,79
2546,2546,67
2547,2547,79
2548,2548,71
2549,2549,71
2550,2550,71
2551,2551,67
2552,2552,71
2553,2553,1
2554,2554,71
2555,2555,71
2556,2556,67
2557,2557,67
2558,2558,79
2559,2559,71
2560,2560,67
2561,2561,71
2562,2562,70
2563,2563,71
2564,2564,67
2565,2565,67
2566,2566,73
2567,2567,71
2568,2568,67
2569,2569,70
2570,2570,72
2571,2571,71
2572,2572,71
2573,2573,71
2574,2574,13
2575,2575,13
2576,2576,73
2577,2577,67
2578,2578,71
2579,2579,71
2580,2580,67
2581,2581,13
2582,2582,78
2583,2583,67
2584,2584,13
2585,2585,67
2586,2586,71
2587,2587,13
2588,2588,67
2589,2589,79
2590,2590,79
2591,2591,67
2592,2592,73
2593,2593,13
2594,2594,71
2595,2595,67
2596,2596,13
2597,2597,67
2598,2598,82
2599,2599,67
2600,2600,67
2601,2601,67
2602,2602,71
2603,2603,71
2604,2604,73
2605,2605,13
2606,2606,13
2607,2607,13
2608,2608,67
2609,2609,65
2610,2610,65
2611,2611,85
2612,2612,65
2613,2613,65
2614,2614,86
2615,2615,87
2616,2616,65
2617,2617,86
2618,2618,65
2619,2619,65
2620,2620,88
2621,2621,85
2622,2622,65
2623,2623,1
2624,2624,65
2625,2625,65
2626,2626,52
2627,2627,85
2628,2628,85
2629,2629,85
2630,2630,65
2631,2631,89
2632,2632,65
2633,2633,65
2634,2634,65
2635,2635,65
2636,2636,65
2637,2637,85
2638,2638,65
2639,2639,90
2640,2640,65
2641,2641,65
2642,2642,85
2643,2643,85
2644,2644,87
2645,2645,65
2646,2646,85
2647,2647,65
2648,2648,1
2649,2649,65
2650,2650,65
2651,2651,65
2652,2652,1
2653,2653,85
2654,2654,85
2655,2655,65
2656,2656,65
2657,2657,91
2658,2658,86
2659,2659,65
2660,2660,65
2661,2661,65
2662,2662,24
2663,2663,65
2664,2664,65
2665,2665,85
2666,2666,1
2667,2667,65
2668,2668,65
2669,2669,65
2670,2670,65
2671,2671,65
2672,2672,65
2673,2673,65
2674,2674,85
2675,2675,65
2676,2676,65
2677,2677,89
2678,2678,1
2679,2679,85
2680,2680,92
2681,2681,91
2682,2682,65
2683,2683,65
2684,2684,65
2685,2685,65
2686,2686,85
2687,2687,65
2688,2688,1
2689,2689,85
2690,2690,65
2691,2691,93
2692,2692,65
2693,2693,85
2694,2694,85
2695,2695,65
2696,2696,65
2697,2697,86
2698,2698,85
2699,2699,65
2700,2700,65
2701,2701,65
2702,2702,85
2703,2703,85
2704,2704,86
2705,2705,85
2706,2706,1
2707,2707,86
2708,2708,65
2709,2709,85
2710,2710,65
2711,2711,85
2712,2712,65
2713,2713,65
2714,2714,94
2715,2715,65
2716,2716,51
2717,2717,95
2718,2718,65
2719,2719,65
2720,2720,65
2721,2721,86
2722,2722,96
2723,2723,65
2724,2724,97
2725,2725,85
2726,2726,65
2727,2727,65
2728,2728,65
2729,2729,65
2730,2730,85
2731,2731,65
2732,2732,87
2733,2733,65
2734,2734,85
2735,2735,65
2736,2736,97
2737,2737,86
2738,2738,65
2739,2739,98
2740,2740,90
2741,2741,65
2742,2742,85
2743,2743,65
2744,2744,65
2745,2745,88
2746,2746,85
2747,2747,97
2748,2748,85
2749,2749,65
2750,2750,65
2751,2751,65
2752,2752,65
2753,2753,99
2754,2754,85
2755,2755,95
2756,2756,99
2757,2757,85
2758,2758,85
2759,2759,65
2760,2760,91
2761,2761,24
2762,2762,1
2763,2763,85
2764,2764,65
2765,2765,96
2766,2766,91
2767,2767,65
2768,2768,1
2769,2769,65
2770,2770,65
2771,2771,65
2772,2772,65
2773,2773,65
2774,2774,65
2775,2775,85
2776,2776,65
2777,2777,65
2778,2778,65
2779,2779,65
2780,2780,65
2781,2781,65
2782,2782,65
2783,2783,85
2784,2784,65
2785,2785,93
2786,2786,1
2787,2787,85
2788,2788,65
2789,2789,65
2790,2790,65
2791,2791,65
2792,2792,65
2793,2793,65
2794,2794,1
2795,2795,65
2796,2796,65
2797,2797,85
2798,2798,85
2799,2799,85
2800,2800,65
2801,2801,85
2802,2802,65
2803,2803,65
2804,2804,100
2805,2805,65
2806,2806,65
2807,2807,65
2808,2808,97
2809,2809,85
2810,2810,65
2811,2811,85
2812,2812,1
2813,2813,85
2814,2814,86
2815,2815,65
2816,2816,65
2817,2817,65
2818,2818,65
2819,2819,85
2820,2820,85
2821,2821,85
2822,2822,65
2823,2823,65
2824,2824,85
2825,2825,65
2826,2826,65
2827,2827,85
2828,2828,65
2829,2829,65
2830,2830,65
2831,2831,85
2832,2832,101
2833,2833,102
2834,2834,93
2835,2835,86
2836,2836,65
2837,2837,85
2838,2838,85
2839,2839,65
2840,2840,1
2841,2841,65
2842,2842,65
2843,2843,103
2844,2844,86
2845,2845,65
2846,2846,85
2847,2847,65
2848,2848,65
2849,2849,92
2850,2850,65
2851,2851,65
2852,2852,85
2853,2853,65
2854,2854,85
2855,2855,85
2856,2856,85
2857,2857,86
2858,2858,86
2859,2859,85
2860,2860,85
2861,2861,65
2862,2862,86
2863,2863,85
2864,2864,85
2865,2865,1
2866,2866,85
2867,2867,86
2868,2868,65
2869,2869,99
2870,2870,65
2871,2871,85
2872,2872,86
2873,2873,65
2874,2874,85
2875,2875,86
2876,2876,85
2877,2877,92
2878,2878,86
2879,2879,65
2880,2880,99
2881,2881,65
2882,2882,65
2883,2883,65
2884,2884,65
2885,2885,1
2886,2886,65
2887,2887,85
2888,2888,65
2889,2889,65
2890,2890,85
2891,2891,85
2892,2892,85
2893,2893,65
2894,2894,65
2895,2895,85
2896,2896,51
2897,2897,65
2898,2898,65
2899,2899,65
2900,2900,85
2901,2901,65
2902,2902,65
2903,2903,93
2904,2904,1
2905,2905,65
2906,2906,65
2907,2907,85
2908,2908,86
2909,2909,65
2910,2910,85
2911,2911,51
2912,2912,65
2913,2913,65
2914,2914,85
2915,2915,65
2916,2916,85
2917,2917,65
2918,2918,65
2919,2919,65
2920,2920,65
2921,2921,86
2922,2922,98
2923,2923,65
2924,2924,85
2925,2925,86
2926,2926,24
2927,2927,65
2928,2928,85
2929,2929,65
2930,2930,99
2931,2931,65
2932,2932,85
2933,2933,85
2934,2934,93
2935,2935,85
2936,2936,65
2937,2937,65
2938,2938,65
2939,2939,65
2940,2940,85
2941,2941,85
2942,2942,65
2943,2943,65
2944,2944,99
2945,2945,65
2946,2946,65
2947,2947,85
2948,2948,1
2949,2949,65
2950,2950,1
2951,2951,85
2952,2952,65
2953,2953,65
2954,2954,65
2955,2955,65
2956,2956,65
2957,2957,89
2958,2958,91
2959,2959,99
2960,2960,65
2961,2961,85
2962,2962,65
2963,2963,65
2964,2964,65
2965,2965,65
2966,2966,65
2967,2967,51
2968,2968,65
2969,2969,85
2970,2970,85
2971,2971,65
2972,2972,93
2973,2973,86
2974,2974,65
2975,2975,99
2976,2976,85
2977,2977,85
2978,2978,65
2979,2979,89
2980,2980,65
2981,2981,65
2982,2982,93
2983,2983,90
2984,2984,65
2985,2985,65
2986,2986,85
2987,2987,65
2988,2988,85
2989,2989,65
2990,2990,85
2991,2991,86
2992,2992,65
2993,2993,85
2994,2994,65
2995,2995,65
2996,2996,65
2997,2997,65
2998,2998,85
2999,2999,97
3000,3000,86
3001,3001,104
3002,3002,85
3003,3003,51
3004,3004,65
3005,3005,85
3006,3006,65
3007,3007,1
3008,3008,51
3009,3009,99
3010,3010,85
3011,3011,85
3012,3012,102
3013,3013,65
3014,3014,65
3015,3015,65
3016,3016,65
3017,3017,65
3018,3018,85
3019,3019,96
3020,3020,65
3021,3021,65
3022,3022,65
3023,3023,86
3024,3024,65
3025,3025,85
3026,3026,1
3027,3027,65
3028,3028,102
3029,3029,85
3030,3030,93
3031,3031,65
3032,3032,65
3033,3033,65
3034,3034,65
3035,3035,86
3036,3036,65
3037,3037,85
3038,3038,65
3039,3039,65
3040,3040,89
3041,3041,86
3042,3042,65
3043,3043,85
3044,3044,65
3045,3045,65
3046,3046,65
3047,3047,65
3048,3048,65
3049,3049,85
3050,3050,97
3051,3051,65
3052,3052,65
3053,3053,85
3054,3054,65
3055,3055,65
3056,3056,65
3057,3057,65
3058,3058,65
3059,3059,86
3060,3060,65
3061,3061,65
3062,3062,65
3063,3063,65
3064,3064,85
3065,3065,65
3066,3066,99
3067,3067,97
3068,3068,85
3069,3069,65
3070,3070,65
3071,3071,102
3072,3072,96
3073,3073,99
3074,3074,103
3075,3075,85
3076,3076,92
3077,3077,65
3078,3078,65
3079,3079,65
3080,3080,85
3081,3081,1
3082,3082,89
3083,3083,91
3084,3084,86
3085,3085,65
3086,3086,65
3087,3087,85
3088,3088,89
3089,3089,65
3090,3090,65
3091,3091,65
3092,3092,104
3093,3093,65
3094,3094,86
3095,3095,65
3096,3096,65
3097,3097,65
3098,3098,89
3099,3099,65
3100,3100,65
3101,3101,1
3102,3102,65
3103,3103,85
3104,3104,1
3105,3105,65
3106,3106,65
3107,3107,1
3108,3108,85
3109,3109,52
3110,3110,65
3111,3111,85
3112,3112,1
3113,3113,65
3114,3114,65
3115,3115,65
3116,3116,65
3117,3117,65
3118,3118,1
3119,3119,85
3120,3120,65
3121,3121,65
3122,3122,65
3123,3123,65
3124,3124,65
3125,3125,92
3126,3126,92
3127,3127,65
3128,3128,85
3129,3129,65
3130,3130,65
3131,3131,65
3132,3132,65
3133,3133,65
3134,3134,65
3135,3135,65
3136,3136,65
3137,3137,85
3138,3138,65
3139,3139,85
3140,3140,1
3141,3141,65
3142,3142,65
3143,3143,65
3144,3144,100
3145,3145,65
3146,3146,86
3147,3147,65
3148,3148,65
3149,3149,65
3150,3150,65
3151,3151,1
3152,3152,65
3153,3153,65
3154,3154,65
3155,3155,65
3156,3156,65
3157,3157,85
3158,3158,65
3159,3159,65
3160,3160,65
3161,3161,65
3162,3162,97
3163,3163,1
3164,3164,93
3165,3165,65
3166,3166,1
3167,3167,65
3168,3168,65
3169,3169,65
3170,3170,86
3171,3171,93
3172,3172,103
3173,3173,85
3174,3174,85
3175,3175,93
3176,3176,65
3177,3177,85
3178,3178,65
3179,3179,1
3180,3180,85
3181,3181,93
3182,3182,65
3183,3183,65
3184,3184,65
3185,3185,65
3186,3186,85
3187,3187,65
3188,3188,1
3189,3189,87
3190,3190,65
3191,3191,65
3192,3192,65
3193,3193,85
3194,3194,92
3195,3195,65
3196,3196,65
3197,3197,65
3198,3198,65
3199,3199,65
3200,3200,89
3201,3201,65
3202,3202,65
3203,3203,65
3204,3204,65
3205,3205,65
3206,3206,1
3207,3207,1
3208,3208,65
3209,3209,65
3210,3210,65
3211,3211,105
3212,3212,93
3213,3213,65
3214,3214,97
3215,3215,65
3216,3216,65
3217,3217,65
3218,3218,65
3219,3219,65
3220,3220,65
3221,3221,51
3222,3222,65
3223,3223,65
3224,3224,65
3225,3225,1
3226,3226,65
3227,3227,85
3228,3228,65
3229,3229,85
3230,3230,65
3231,3231,65
3232,3232,65
3233,3233,101
3234,3234,65
3235,3235,65
3236,3236,85
3237,3237,85
3238,3238,1
3239,3239,65
3240,3240,65
3241,3241,88
3242,3242,65
3243,3243,85
3244,3244,85
3245,3245,65
3246,3246,85
3247,3247,86
3248,3248,65
3249,3249,65
3250,3250,91
3251,3251,1
3252,3252,65
3253,3253,65
3254,3254,65
3255,3255,65
3256,3256,65
3257,3257,65
3258,3258,85
3259,3259,65
3260,3260,85
3261,3261,65
3262,3262,65
3263,3263,65
3264,3264,65
3265,3265,102
3266,3266,65
3267,3267,86
3268,3268,65
3269,3269,51
3270,3270,65
3271,3271,65
3272,3272,65
3273,3273,65
3274,3274,65
3275,3275,65
3276,3276,85
3277,3277,65
3278,3278,65
3279,3279,102
3280,3280,65
3281,3281,65
3282,3282,85
3283,3283,65
3284,3284,65
3285,3285,65
3286,3286,1
3287,3287,65
3288,3288,65
3289,3289,65
3290,3290,65
3291,3291,85
3292,3292,87
3293,3293,65
3294,3294,65
3295,3295,65
3296,3296,65
3297,3297,97
3298,3298,65
3299,3299,65
3300,3300,65
3301,3301,65
3302,3302,65
3303,3303,65
3304,3304,65
3305,3305,85
3306,3306,89
3307,3307,86
3308,3308,65
3309,3309,65
3310,3310,65
3311,3311,99
3312,3312,1
3313,3313,65
3314,3314,65
3315,3315,92
3316,3316,65
3317,3317,65
3318,3318,65
3319,3319,65
3320,3320,65
3321,3321,65
3322,3322,65
3323,3323,65
3324,3324,65
3325,3325,65
3326,3326,65
3327,3327,86
3328,3328,65
3329,3329,65
3330,3330,85
3331,3331,85
3332,3332,65
3333,3333,85
3334,3334,65
3335,3335,85
3336,3336,65
3337,3337,85
3338,3338,65
3339,3339,65
3340,3340,65
3341,3341,91
3342,3342,86
3343,3343,93
3344,3344,65
3345,3345,65
3346,3346,65
3347,3347,86
3348,3348,1
3349,3349,65
3350,3350,105
3351,3351,65
3352,3352,24
3353,3353,65
3354,3354,65
3355,3355,65
3356,3356,94
3357,3357,85
3358,3358,65
3359,3359,65
3360,3360,85
3361,3361,65
3362,3362,65
3363,3363,65
3364,3364,91
3365,3365,65
3366,3366,65
3367,3367,65
3368,3368,65
3369,3369,89
3370,3370,65
3371,3371,85
3372,3372,65
3373,3373,86
3374,3374,1
3375,3375,51
3376,3376,86
3377,3377,65
3378,3378,85
3379,3379,103
3380,3380,43
3381,3381,106
3382,3382,43
3383,3383,107
3384,3384,108
3385,3385,109
3386,3386,110
3387,3387,111
3388,3388,112
3389,3389,107
3390,3390,43
3391,3391,43
3392,3392,30
3393,3393,113
3394,3394,114
3395,3395,115
3396,3396,43
3397,3397,114
3398,3398,109
3399,3399,107
3400,3400,116
3401,3401,30
3402,3402,30
3403,3403,116
3404,3404,109
3405,3405,117
3406,3406,109
3407,3407,43
3408,3408,109
3409,3409,118
3410,3410,108
3411,3411,30
3412,3412,115
3413,3413,111
3414,3414,118
3415,3415,30
3416,3416,108
3417,3417,30
3418,3418,119
3419,3419,43
3420,3420,30
3421,3421,120
3422,3422,115
3423,3423,109
3424,3424,30
3425,3425,30
3426,3426,109
3427,3427,30
3428,3428,30
3429,3429,116
3430,3430,109
3431,3431,43
3432,3432,30
3433,3433,109
3434,3434,109
3435,3435,121
3436,3436,115
3437,3437,30
3438,3438,115
3439,3439,116
3440,3440,119
3441,3441,30
3442,3442,120
3443,3443,30
3444,3444,30
3445,3445,115
3446,3446,109
3447,3447,109
3448,3448,115
3449,3449,109
3450,3450,118
3451,3451,109
3452,3452,43
3453,3453,108
3454,3454,30
3455,3455,109
3456,3456,120
3457,3457,43
3458,3458,30
3459,3459,108
3460,3460,30
3461,3461,115
3462,3462,30
3463,3463,43
3464,3464,116
3465,3465,114
3466,3466,113
3467,3467,30
3468,3468,30
3469,3469,109
3470,3470,30
3471,3471,109
3472,3472,109
3473,3473,43
3474,3474,118
3475,3475,119
3476,3476,107
3477,3477,119
3478,3478,111
3479,3479,119
3480,3480,43
3481,3481,111
3482,3482,30
3483,3483,30
3484,3484,122
3485,3485,30
3486,3486,112
3487,3487,114
3488,3488,123
3489,3489,107
3490,3490,43
3491,3491,115
3492,3492,43
3493,3493,115
3494,3494,118
3495,3495,109
3496,3496,43
3497,3497,30
3498,3498,109
3499,3499,113
3500,3500,43
3501,3501,116
3502,3502,43
3503,3503,30
3504,3504,109
3505,3505,30
3506,3506,107
3507,3507,111
3508,3508,116
3509,3509,109
3510,3510,117
3511,3511,109
3512,3512,113
3513,3513,30
3514,3514,30
3515,3515,30
3516,3516,30
3517,3517,30
3518,3518,117
3519,3519,112
3520,3520,120
3521,3521,109
3522,3522,109
3523,3523,119
3524,3524,112
3525,3525,30
3526,3526,119
3527,3527,115
3528,3528,122
3529,3529,113
3530,3530,116
3531,3531,122
3532,3532,109
3533,3533,120
3534,3534,111
3535,3535,30
3536,3536,108
3537,3537,115
3538,3538,115
3539,3539,114
3540,3540,124
3541,3541,109
3542,3542,30
3543,3543,30
3544,3544,30
3545,3545,125
3546,3546,119
3547,3547,115
3548,3548,43
3549,3549,109
3550,3550,30
3551,3551,117
3552,3552,43
3553,3553,116
3554,3554,108
3555,3555,106
3556,3556,109
3557,3557,114
3558,3558,30
3559,3559,109
3560,3560,114
3561,3561,118
3562,3562,116
3563,3563,112
3564,3564,43
3565,3565,30
3566,3566,30
3567,3567,111
3568,3568,126
3569,3569,118
3570,3570,124
3571,3571,115
3572,3572,43
3573,3573,109
3574,3574,43
3575,3575,115
3576,3576,30
3577,3577,108
3578,3578,120
3579,3579,30
3580,3580,119
3581,3581,30
3582,3582,109
3583,3583,126
3584,3584,124
3585,3585,109
3586,3586,108
3587,3587,109
3588,3588,120
3589,3589,43
3590,3590,116
3591,3591,108
3592,3592,43
3593,3593,119
3594,3594,43
3595,3595,111
3596,3596,30
3597,3597,30
3598,3598,109
3599,3599,43
3600,3600,107
3601,3601,115
3602,3602,119
3603,3603,116
3604,3604,115
3605,3605,43
3606,3606,109
3607,3607,120
3608,3608,30
3609,3609,116
3610,3610,30
3611,3611,114
3612,3612,43
3613,3613,117
3614,3614,116
3615,3615,30
3616,3616,119
3617,3617,112
3618,3618,109
3619,3619,30
3620,3620,107
3621,3621,30
3622,3622,30
3623,3623,113
3624,3624,43
3625,3625,30
3626,3626,43
3627,3627,114
3628,3628,109
3629,3629,43
3630,3630,30
3631,3631,43
3632,3632,119
3633,3633,120
3634,3634,119
3635,3635,43
3636,3636,113
3637,3637,106
3638,3638,120
3639,3639,108
3640,3640,30
3641,3641,43
3642,3642,30
3643,3643,109
3644,3644,109
3645,3645,43
3646,3646,117
3647,3647,108
3648,3648,109
3649,3649,30
3650,3650,115
3651,3651,109
3652,3652,115
3653,3653,106
3654,3654,43
3655,3655,109
3656,3656,109
3657,3657,115
3658,3658,43
3659,3659,126
3660,3660,30
3661,3661,109
3662,3662,111
3663,3663,109
3664,3664,107
3665,3665,115
3666,3666,30
3667,3667,30
3668,3668,109
3669,3669,110
3670,3670,43
3671,3671,115
3672,3672,43
3673,3673,30
3674,3674,109
3675,3675,111
3676,3676,115
3677,3677,43
3678,3678,110
3679,3679,111
3680,3680,43
3681,3681,125
3682,3682,127
3683,3683,119
3684,3684,115
3685,3685,114
3686,3686,115
3687,3687,109
3688,3688,108
3689,3689,109
3690,3690,30
3691,3691,30
3692,3692,108
3693,3693,109
3694,3694,117
3695,3695,30
3696,3696,118
3697,3697,30
3698,3698,119
3699,3699,109
3700,3700,30
3701,3701,119
3702,3702,109
3703,3703,124
3704,3704,115
3705,3705,109
3706,3706,109
3707,3707,30
3708,3708,115
3709,3709,43
3710,3710,122
3711,3711,119
3712,3712,109
3713,3713,126
3714,3714,43
3715,3715,30
3716,3716,109
3717,3717,116
3718,3718,119
3719,3719,109
3720,3720,30
3721,3721,124
3722,3722,115
3723,3723,30
3724,3724,115
3725,3725,30
3726,3726,119
3727,3727,109
3728,3728,116
3729,3729,109
3730,3730,43
3731,3731,108
3732,3732,30
3733,3733,108
3734,3734,30
3735,3735,115
3736,3736,115
3737,3737,109
3738,3738,30
3739,3739,30
3740,3740,107
3741,3741,115
3742,3742,122
3743,3743,119
3744,3744,119
3745,3745,107
3746,3746,107
3747,3747,120
3748,3748,112
3749,3749,115
3750,3750,119
3751,3751,30
3752,3752,124
3753,3753,111
3754,3754,118
3755,3755,116
3756,3756,109
3757,3757,30
3758,3758,116
3759,3759,109
3760,3760,126
3761,3761,43
3762,3762,109
3763,3763,43
3764,3764,114
3765,3765,30
3766,3766,116
3767,3767,118
3768,3768,115
3769,3769,117
3770,3770,117
3771,3771,30
3772,3772,30
3773,3773,115
3774,3774,43
3775,3775,43
3776,3776,109
3777,3777,108
3778,3778,30
3779,3779,127
3780,3780,122
3781,3781,108
3782,3782,114
3783,3783,126
3784,3784,43
3785,3785,30
3786,3786,108
3787,3787,109
3788,3788,111
3789,3789,30
3790,3790,109
3791,3791,30
3792,3792,114
3793,3793,115
3794,3794,107
3795,3795,43
3796,3796,108
3797,3797,124
3798,3798,115
3799,3799,111
3800,3800,109
3801,3801,109
3802,3802,111
3803,3803,30
3804,3804,43
3805,3805,111
3806,3806,118
3807,3807,126
3808,3808,30
3809,3809,109
3810,3810,108
3811,3811,43
3812,3812,118
3813,3813,109
3814,3814,120
3815,3815,30
3816,3816,115
3817,3817,43
3818,3818,118
3819,3819,30
3820,3820,43
3821,3821,109
3822,3822,30
3823,3823,111
3824,3824,117
3825,3825,107
3826,3826,109
3827,3827,109
3828,3828,123
3829,3829,120
3830,3830,117
3831,3831,109
3832,3832,119
3833,3833,43
3834,3834,109
3835,3835,114
3836,3836,107
3837,3837,109
3838,3838,115
3839,3839,43
3840,3840,109
3841,3841,108
3842,3842,120
3843,3843,111
3844,3844,30
3845,3845,109
3846,3846,30
3847,3847,30
3848,3848,111
3849,3849,108
3850,3850,43
3851,3851,119
3852,3852,115
3853,3853,107
3854,3854,115
3855,3855,109
3856,3856,30
3857,3857,30
3858,3858,109
3859,3859,43
3860,3860,43
3861,3861,30
3862,3862,118
3863,3863,106
3864,3864,119
3865,3865,113
3866,3866,115
3867,3867,117
3868,3868,43
3869,3869,112
3870,3870,30
3871,3871,117
3872,3872,116
3873,3873,43
3874,3874,30
3875,3875,118
3876,3876,109
3877,3877,119
3878,3878,43
3879,3879,107
3880,3880,114
3881,3881,109
3882,3882,108
3883,3883,109
3884,3884,110
3885,3885,109
3886,3886,109
3887,3887,43
3888,3888,109
3889,3889,30
3890,3890,119
3891,3891,115
3892,3892,30
3893,3893,112
3894,3894,116
3895,3895,108
3896,3896,30
3897,3897,119
3898,3898,114
3899,3899,109
3900,3900,43
3901,3901,30
3902,3902,109
3903,3903,109
3904,3904,117
3905,3905,119
3906,3906,115
3907,3907,121
3908,3908,30
3909,3909,128
3910,3910,128
3911,3911,128
3912,3912,129
3913,3913,128
3914,3914,130
3915,3915,128
3916,3916,25
3917,3917,131
3918,3918,25
3919,3919,128
3920,3920,128
3921,3921,128
3922,3922,129
3923,3923,129
3924,3924,128
3925,3925,128
3926,3926,128
3927,3927,128
3928,3928,132
3929,3929,129
3930,3930,129
3931,3931,129
3932,3932,128
3933,3933,129
3934,3934,131
3935,3935,128
3936,3936,25
3937,3937,130
3938,3938,129
3939,3939,133
3940,3940,131
3941,3941,128
3942,3942,128
3943,3943,128
3944,3944,129
3945,3945,128
3946,3946,129
3947,3947,131
3948,3948,128
3949,3949,129
3950,3950,129
3951,3951,132
3952,3952,128
3953,3953,129
3954,3954,129
3955,3955,128
3956,3956,129
3957,3957,128
3958,3958,133
3959,3959,129