1	3
1	4
1	16
1	22
1	27
1	47
1	48
1	51
1	59
1	60
1	63
1	66
1	72
1	76
1	79
1	98
2	5
2	8
2	10
2	25
2	38
2	42
2	49
2	57
2	80
2	89
2	94
2	100
2	114
2	116
2	123
2	125
3	1
3	9
3	31
3	35
3	44
3	59
3	61
3	78
3	104
3	107
3	110
3	113
3	118
3	120
3	121
3	127
4	1
4	15
4	34
4	59
4	67
4	71
4	78
4	83
4	101
4	106
4	112
4	114
4	122
4	123
4	125
4	127
5	2
5	7
5	27
5	33
5	40
5	46
5	50
5	56
5	61
5	65
5	66
5	76
5	88
5	90
5	106
5	127
6	12
6	15
6	27
6	29
6	30
6	35
6	57
6	64
6	65
6	75
6	96
6	97
6	109
6	120
6	125
6	128
7	5
7	10
7	42
7	43
7	45
7	59
7	65
7	66
7	74
7	76
7	85
7	87
7	95
7	99
7	100
7	113
8	2
8	14
8	16
8	33
8	34
8	37
8	46
8	62
8	65
8	87
8	88
8	104
8	112
8	122
8	124
8	126
9	3
9	13
9	14
9	15
9	20
9	27
9	45
9	47
9	52
9	55
9	63
9	64
9	76
9	83
9	101
9	118
10	2
10	7
10	17
10	23
10	29
10	34
10	48
10	53
10	80
10	95
10	97
10	99
10	101
10	111
10	115
10	123
11	12
11	23
11	24
11	43
11	62
11	64
11	68
11	75
11	91
11	98
11	107
11	110
11	117
11	121
11	126
11	127
12	6
12	11
12	22
12	28
12	35
12	40
12	46
12	52
12	75
12	88
12	98
12	103
12	104
12	110
12	125
12	128
13	9
13	21
13	23
13	34
13	39
13	50
13	58
13	60
13	73
13	80
13	94
13	95
13	101
13	111
13	114
13	125
14	8
14	9
14	15
14	21
14	47
14	58
14	59
14	67
14	76
14	81
14	82
14	83
14	86
14	91
14	112
14	121
15	4
15	6
15	9
15	14
15	18
15	26
15	29
15	35
15	61
15	65
15	71
15	76
15	80
15	86
15	99
15	113
16	1
16	8
16	18
16	33
16	35
16	43
16	44
16	51
16	57
16	72
16	76
16	84
16	95
16	107
16	110
16	121
17	10
17	22
17	34
17	40
17	44
17	46
17	52
17	60
17	72
17	79
17	82
17	86
17	93
17	94
17	97
17	115
18	15
18	16
18	22
18	26
18	33
18	36
18	49
18	53
18	58
18	93
18	102
18	104
18	106
18	118
18	125
18	128
19	31
19	36
19	40
19	49
19	56
19	70
19	76
19	92
19	102
19	103
19	109
19	111
19	116
19	118
19	122
19	124
20	9
20	30
20	33
20	37
20	38
20	43
20	60
20	62
20	69
20	70
20	74
20	93
20	94
20	108
20	109
20	117
21	13
21	14
21	35
21	37
21	38
21	44
21	45
21	56
21	65
21	71
21	100
21	102
21	105
21	111
21	120
21	128
22	1
22	12
22	17
22	18
22	39
22	42
22	48
22	49
22	56
22	60
22	61
22	65
22	71
22	79
22	113
22	123
23	10
23	11
23	13
23	27
23	36
23	46
23	58
23	70
23	78
23	79
23	89
23	92
23	102
23	109
23	114
23	117
24	11
24	25
24	26
24	31
24	42
24	68
24	71
24	74
24	85
24	93
24	94
24	96
24	100
24	101
24	115
24	119
25	2
25	24
25	27
25	32
25	46
25	54
25	55
25	63
25	65
25	68
25	72
25	84
25	93
25	94
25	101
25	121
26	15
26	18
26	24
26	37
26	38
26	47
26	55
26	58
26	62
26	71
26	77
26	97
26	106
26	112
26	124
26	126
27	1
27	5
27	6
27	9
27	23
27	25
27	36
27	51
27	60
27	65
27	73
27	80
27	91
27	94
27	102
27	109
28	12
28	42
28	44
28	53
28	55
28	56
28	68
28	69
28	75
28	77
28	79
28	86
28	93
28	99
28	105
28	118
29	6
29	10
29	15
29	33
29	40
29	61
29	66
29	81
29	84
29	91
29	94
29	104
29	116
29	117
29	120
29	127
30	6
30	20
30	33
30	34
30	37
30	53
30	63
30	69
30	70
30	88
30	90
30	103
30	111
30	112
30	123
30	125
31	3
31	19
31	24
31	40
31	41
31	45
31	63
31	68
31	79
31	84
31	92
31	100
31	101
31	107
31	111
31	122
32	25
32	36
32	37
32	38
32	42
32	50
32	61
32	63
32	67
32	72
32	91
32	96
32	99
32	112
32	117
32	124
33	5
33	8
33	16
33	18
33	20
33	29
33	30
33	36
33	40
33	48
33	54
33	67
33	93
33	106
33	109
33	125
34	4
34	8
34	10
34	13
34	17
34	30
34	41
34	42
34	69
34	87
34	97
34	99
34	107
34	118
34	120
34	123
35	3
35	6
35	12
35	15
35	16
35	21
35	40
35	41
35	57
35	59
35	64
35	66
35	71
35	106
35	119
35	127
36	18
36	19
36	23
36	27
36	32
36	33
36	43
36	57
36	62
36	64
36	75
36	79
36	88
36	110
36	114
36	124
37	8
37	20
37	21
37	26
37	30
37	32
37	43
37	48
37	54
37	67
37	76
37	106
37	109
37	120
37	125
37	126
38	2
38	20
38	21
38	26
38	32
38	39
38	44
38	76
38	79
38	91
38	96
38	102
38	105
38	112
38	114
38	126
39	13
39	22
39	38
39	40
39	46
39	48
39	54
39	59
39	73
39	84
39	86
39	89
39	102
39	115
39	122
39	124
40	5
40	12
40	17
40	19
40	29
40	31
40	33
40	35
40	39
40	53
40	55
40	70
40	84
40	90
40	95
40	124
41	31
41	34
41	35
41	43
41	49
41	52
41	53
41	55
41	63
41	66
41	70
41	73
41	87
41	89
41	98
41	103
42	2
42	7
42	22
42	24
42	28
42	32
42	34
42	46
42	59
42	62
42	67
42	87
42	89
42	91
42	99
42	107
43	7
43	11
43	16
43	20
43	36
43	37
43	41
43	46
43	54
43	60
43	68
43	71
43	85
43	89
43	100
43	101
44	3
44	16
44	17
44	21
44	28
44	38
44	59
44	77
44	79
44	80
44	85
44	97
44	100
44	107
44	120
44	128
45	7
45	9
45	21
45	31
45	48
45	51
45	52
45	56
45	61
45	65
45	79
45	82
45	113
45	114
45	122
45	125
46	5
46	8
46	12
46	17
46	23
46	25
46	39
46	42
46	43
46	48
46	60
46	64
46	68
46	108
46	118
46	126
47	1
47	9
47	14
47	26
47	53
47	56
47	71
47	77
47	80
47	82
47	83
47	96
47	101
47	119
47	122
47	128
48	1
48	10
48	22
48	33
48	37
48	39
48	45
48	46
48	56
48	66
48	75
48	95
48	112
48	114
48	115
48	126
49	2
49	18
49	19
49	22
49	41
49	52
49	56
49	58
49	60
49	78
49	85
49	92
49	111
49	113
49	114
49	116
50	5
50	13
50	32
50	54
50	64
50	73
50	92
50	99
50	103
50	105
50	113
50	114
50	118
50	123
50	124
50	127
51	1
51	16
51	27
51	45
51	54
51	66
51	68
51	77
51	82
51	83
51	89
51	90
51	91
51	99
51	107
51	112
52	9
52	12
52	17
52	41
52	45
52	49
52	57
52	61
52	65
52	75
52	81
52	93
52	97
52	104
52	117
52	127
53	10
53	18
53	28
53	30
53	40
53	41
53	47
53	57
53	67
53	81
53	109
53	110
53	113
53	117
53	120
53	121
54	25
54	33
54	37
54	39
54	43
54	50
54	51
54	55
54	66
54	74
54	85
54	90
54	101
54	102
54	104
54	115
55	9
55	25
55	26
55	28
55	40
55	41
55	54
55	56
55	70
55	74
55	85
55	86
55	93
55	100
55	121
55	123
56	5
56	19
56	21
56	22
56	28
56	45
56	47
56	48
56	49
56	55
56	57
56	87
56	104
56	105
56	112
56	126
57	2
57	6
57	16
57	35
57	36
57	52
57	53
57	56
57	63
57	78
57	94
57	95
57	100
57	110
57	122
57	128
58	13
58	14
58	18
58	23
58	26
58	49
58	63
58	64
58	73
58	74
58	77
58	86
58	97
58	103
58	111
58	117
59	1
59	3
59	4
59	7
59	14
59	35
59	39
59	42
59	44
59	67
59	72
59	75
59	80
59	92
59	95
59	117
60	1
60	13
60	17
60	20
60	22
60	27
60	43
60	46
60	49
60	64
60	65
60	67
60	68
60	88
60	91
60	109
61	3
61	5
61	15
61	22
61	29
61	32
61	45
61	52
61	69
61	70
61	75
61	87
61	88
61	99
61	110
61	128
62	8
62	11
62	20
62	26
62	36
62	42
62	69
62	96
62	102
62	104
62	115
62	117
62	119
62	120
62	124
62	128
63	1
63	9
63	25
63	30
63	31
63	32
63	41
63	57
63	58
63	64
63	68
63	69
63	75
63	78
63	103
63	128
64	6
64	9
64	11
64	35
64	36
64	46
64	50
64	58
64	60
64	63
64	86
64	96
64	115
64	124
64	125
64	126
65	5
65	6
65	7
65	8
65	15
65	21
65	22
65	25
65	27
65	45
65	52
65	60
65	82
65	93
65	111
65	123
66	1
66	5
66	7
66	29
66	35
66	41
66	48
66	51
66	54
66	67
66	85
66	87
66	90
66	92
66	107
66	113
67	4
67	14
67	32
67	33
67	37
67	42
67	53
67	59
67	60
67	66
67	69
67	83
67	87
67	90
67	98
67	112
68	11
68	24
68	25
68	28
68	31
68	43
68	46
68	51
68	60
68	63
68	91
68	105
68	106
68	113
68	116
68	119
69	20
69	28
69	30
69	34
69	61
69	62
69	63
69	67
69	72
69	84
69	103
69	109
69	117
69	119
69	122
69	127
70	19
70	20
70	23
70	30
70	40
70	41
70	55
70	61
70	75
70	83
70	93
70	96
70	108
70	110
70	121
70	122
71	4
71	15
71	21
71	22
71	24
71	26
71	35
71	43
71	47
71	73
71	83
71	85
71	103
71	113
71	115
71	119
72	1
72	16
72	17
72	25
72	32
72	59
72	69
72	76
72	79
72	80
72	81
72	95
72	99
72	102
72	107
72	108
73	13
73	27
73	39
73	41
73	50
73	58
73	71
73	74
73	76
73	78
73	80
73	86
73	102
73	108
73	114
73	123
74	7
74	20
74	24
74	54
74	55
74	58
74	73
74	81
74	83
74	84
74	94
74	96
74	108
74	111
74	116
74	124
75	6
75	11
75	12
75	28
75	36
75	48
75	52
75	59
75	61
75	63
75	70
75	76
75	86
75	92
75	116
75	119
76	1
76	5
76	7
76	9
76	14
76	15
76	16
76	19
76	37
76	38
76	72
76	73
76	75
76	90
76	98
76	126
77	26
77	28
77	44
77	47
77	51
77	58
77	78
77	83
77	84
77	102
77	105
77	107
77	108
77	113
77	118
77	122
78	3
78	4
78	23
78	49
78	57
78	63
78	73
78	77
78	87
78	98
78	112
78	113
78	116
78	121
78	122
78	124
79	1
79	17
79	22
79	23
79	28
79	31
79	36
79	38
79	44
79	45
79	72
79	94
79	100
79	107
79	111
79	118
80	2
80	10
80	13
80	15
80	27
80	44
80	47
80	59
80	72
80	73
80	85
80	89
80	99
80	106
80	121
80	125
81	14
81	29
81	52
81	53
81	72
81	74
81	83
81	90
81	96
81	98
81	110
81	119
81	120
81	121
81	123
81	127
82	14
82	17
82	45
82	47
82	51
82	65
82	86
82	87
82	96
82	104
82	105
82	106
82	113
82	114
82	127
82	128
83	4
83	9
83	14
83	47
83	51
83	67
83	70
83	71
83	74
83	77
83	81
83	85
83	104
83	116
83	118
83	123
84	16
84	25
84	29
84	31
84	39
84	40
84	69
84	74
84	77
84	100
84	101
84	115
84	116
84	119
84	120
84	121
85	7
85	24
85	43
85	44
85	49
85	54
85	55
85	66
85	71
85	80
85	83
85	86
85	95
85	97
85	100
85	112
86	14
86	15
86	17
86	28
86	39
86	55
86	58
86	64
86	73
86	75
86	82
86	85
86	95
86	110
86	122
86	124
87	7
87	8
87	34
87	41
87	42
87	56
87	61
87	66
87	67
87	78
87	82
87	109
87	116
87	120
87	122
87	127
88	5
88	8
88	12
88	30
88	36
88	60
88	61
88	90
88	95
88	97
88	107
88	108
88	119
88	123
88	124
88	126
89	2
89	23
89	39
89	41
89	42
89	43
89	51
89	80
89	90
89	100
89	106
89	116
89	119
89	120
89	125
89	126
90	5
90	30
90	40
90	51
90	54
90	66
90	67
90	76
90	81
90	88
90	89
90	97
90	101
90	110
90	115
90	117
91	11
91	14
91	27
91	29
91	32
91	38
91	42
91	51
91	60
91	68
91	95
91	97
91	105
91	107
91	114
91	119
92	19
92	23
92	31
92	49
92	50
92	59
92	66
92	75
92	98
92	103
92	108
92	109
92	116
92	123
92	125
92	128
93	17
93	18
93	20
93	24
93	25
93	28
93	33
93	52
93	55
93	65
93	70
93	94
93	100
93	103
93	113
93	124
94	2
94	13
94	17
94	20
94	24
94	25
94	27
94	29
94	57
94	74
94	79
94	93
94	96
94	120
94	124
94	127
95	7
95	10
95	13
95	16
95	40
95	48
95	57
95	59
95	72
95	85
95	86
95	88
95	91
95	98
95	125
95	127
96	6
96	24
96	32
96	38
96	47
96	62
96	64
96	70
96	74
96	81
96	82
96	94
96	99
96	105
96	110
96	118
97	6
97	10
97	17
97	26
97	34
97	44
97	52
97	58
97	85
97	88
97	90
97	91
97	108
97	111
97	118
97	128
98	1
98	11
98	12
98	41
98	67
98	76
98	78
98	81
98	92
98	95
98	99
98	104
98	105
98	109
98	110
98	119
99	7
99	10
99	15
99	28
99	32
99	34
99	42
99	50
99	51
99	61
99	72
99	80
99	96
99	98
99	106
99	108
100	2
100	7
100	21
100	24
100	31
100	43
100	44
100	55
100	57
100	79
100	84
100	85
100	89
100	93
100	104
100	111
101	4
101	9
101	10
101	13
101	24
101	25
101	31
101	43
101	47
101	54
101	84
101	90
101	103
101	108
101	114
101	117
102	18
102	19
102	21
102	23
102	27
102	38
102	39
102	54
102	62
102	72
102	73
102	77
102	103
102	105
102	109
102	110
103	12
103	19
103	30
103	41
103	50
103	58
103	63
103	69
103	71
103	92
103	93
103	101
103	102
103	105
103	119
103	121
104	3
104	8
104	12
104	18
104	29
104	52
104	54
104	56
104	62
104	82
104	83
104	98
104	100
104	109
104	111
104	118
105	21
105	28
105	38
105	50
105	56
105	68
105	77
105	82
105	91
105	96
105	98
105	102
105	103
105	108
105	115
105	120
106	4
106	5
106	18
106	26
106	33
106	35
106	37
106	68
106	80
106	82
106	89
106	99
106	113
106	115
106	121
106	126
107	3
107	11
107	16
107	31
107	34
107	42
107	44
107	51
107	66
107	72
107	77
107	79
107	88
107	91
107	110
107	123
108	20
108	46
108	70
108	72
108	73
108	74
108	77
108	88
108	92
108	97
108	99
108	101
108	105
108	115
108	117
108	122
109	6
109	19
109	20
109	23
109	27
109	33
109	37
109	53
109	60
109	69
109	87
109	92
109	98
109	102
109	104
109	116
110	3
110	11
110	12
110	16
110	36
110	53
110	57
110	61
110	70
110	81
110	86
110	90
110	96
110	98
110	102
110	107
111	10
111	13
111	19
111	21
111	30
111	31
111	49
111	58
111	65
111	74
111	79
111	97
111	100
111	104
111	117
111	128
112	4
112	8
112	14
112	26
112	30
112	32
112	38
112	48
112	51
112	56
112	67
112	78
112	85
112	118
112	123
112	126
113	3
113	7
113	15
113	22
113	45
113	49
113	50
113	53
113	66
113	68
113	71
113	77
113	78
113	82
113	93
113	106
114	2
114	4
114	13
114	23
114	36
114	38
114	45
114	48
114	49
114	50
114	73
114	82
114	91
114	101
114	118
114	125
115	10
115	17
115	24
115	39
115	48
115	54
115	62
115	64
115	71
115	84
115	90
115	105
115	106
115	108
115	116
115	117
116	2
116	19
116	29
116	49
116	68
116	74
116	75
116	78
116	83
116	84
116	87
116	89
116	92
116	109
116	115
116	126
117	11
117	20
117	23
117	29
117	32
117	52
117	53
117	58
117	59
117	62
117	69
117	90
117	101
117	108
117	111
117	115
118	3
118	9
118	18
118	19
118	28
118	34
118	46
118	50
118	77
118	79
118	83
118	96
118	97
118	104
118	112
118	114
119	24
119	35
119	47
119	62
119	68
119	69
119	71
119	75
119	81
119	84
119	88
119	89
119	91
119	98
119	103
119	128
120	3
120	6
120	21
120	29
120	34
120	37
120	44
120	53
120	62
120	81
120	84
120	87
120	89
120	94
120	105
120	121
121	3
121	11
121	14
121	16
121	25
121	53
121	55
121	70
121	78
121	80
121	81
121	84
121	103
121	106
121	120
121	126
122	4
122	8
122	19
122	31
122	39
122	45
122	47
122	57
122	69
122	70
122	77
122	78
122	86
122	87
122	108
122	127
123	2
123	4
123	10
123	22
123	30
123	34
123	50
123	55
123	65
123	73
123	81
123	83
123	88
123	92
123	107
123	112
124	8
124	19
124	26
124	32
124	36
124	39
124	40
124	50
124	62
124	64
124	74
124	78
124	86
124	88
124	93
124	94
125	2
125	4
125	6
125	12
125	13
125	18
125	30
125	33
125	37
125	45
125	64
125	80
125	89
125	92
125	95
125	114
126	8
126	11
126	26
126	37
126	38
126	46
126	48
126	56
126	64
126	76
126	88
126	89
126	106
126	112
126	116
126	121
127	3
127	4
127	5
127	11
127	29
127	35
127	50
127	52
127	69
127	81
127	82
127	87
127	94
127	95
127	122
127	128
128	6
128	12
128	18
128	21
128	44
128	47
128	57
128	61
128	62
128	63
128	82
128	92
128	97
128	111
128	119
128	127
